score: 27.249610
duration: 63.754155
