score: 26.255270
duration: 2672.584311
