score: 27.249610
duration: 61.239649
