score: 42.932793
duration: 112.624802
