score: 10.756398
duration: 0.657890
